19
123
199
122
76
72
157
192
71
39
108
186
181
69
40
38
180
50
176
171
32
56
80
71
176
118
112
165
75
74
101
37
63
35
41
189
63
24
188
40
86
176
40
124
57
155
15
140
31
16
1
164
142
116
72
60
13
66
105
2
113
21
186
13
111
15
94
135
199
70
179
40
78
181
100
37
121
48
29
144
175
124
64
109
133
166
20
100
69
80
150
69
181
47
12
43
176
6
56
16
143
57
159
154
141
19
109
142
194
176
163
87
176
47
18
82
116
18
152
70
160
113
134
62
97
133
13
199
153
126
67
177
131
132
155
106
50
46
151
70
112
96
78
31
74
104
52
79
106
86
155
150
164
115
140
138
41
43
93
108
9
34
58
79
62
39
179
111
117
64
189
26
187
135
83
139
94
177
32
78
93
9
145
6
169
171
65
94
131
4
136
21
188
99
102
77
144
3
117
191
154
67
95
53
9
70
182
43
199
52
77
100
145
74
168
126
153
48
109
72
123
64
16
151
65
165
26
79
161
168
10
96
156
185
36
168
67
158
1
40
161
81
113
195
175
102
76
39
154
8
54
79
95
111
193
124
190
78
60
113
45
145
50
138
103
162
103
41
33
13
76
46
42
149
11
188
124
59
116
172
130
110
18
35
87
190
4
37
191
67
72
112
171
64
53
41
104
20
9
181
116
119
70
124
84
59
135
197
87
87
161
82
52
192
197
92
125
176
12
137
38
124
140
130
85
178
134
1
132
14
29
30
72
110
5
80
11
48
57
145
20
179
77
195
10
130
17
152
32
47
169
172
27
169
182
11
9
132
172
147
150
141
35
135
43
135
93
195
122
20
165
113
177
155
68
156
59
39
11
178
123
35
32
59
28
198
47
154
129
197
66
1
146
36
74
118
103
200
37
37
43
184
65
56
173
11
52
155
113
96
34
183
111
136
150
48
137
94
94
58
184
17
173
165
27
138
32
130
30
14
168
190
8
129
119
171
136
53
11
42
40
155
145
81
83
28
37
92
165
62
139
61
125
6
118
158
151
141
7
183
83
96
2
34
33
112
72
77
189
53
39
170
147
27
97
100
63
91
44
149
91
140
48
126
11
32
10
50
118
134
174
145
67
58
76
90
196
28
174
107
21
189
25
29
56
10
189
140
64
150
3
185
160
91
198
46
93
114
29
141
173
75
151
75
180
198
145
6
79
108
47
59
39
76
72
103
64
107
200
20
60
87
68
42
158
19
140
15
62
71
42
78
23
56
166
85
52
192
166
137
76
108
54
151
45
96
156
41
109
144
30
24
33
16
38
56
109
181
26
154
180
193
142
168
25
190
74
113
178
11
187
104
111
194
21
132
2
79
198
122
61
108
16
25
80
84
86
113
88
60
199
188
60
142
16
115
137
33
3
23
108
123
102
36
109
32
191
10
135
97
73
96
19
199
31
50
42
189
193
22
45
85
103
148
49
195
40
153
23
155
127
1
109
50
120
111
179
183
21
114
184
104
67
190
116
200
124
123
168
137
170
50
31
71
61
86
61
77
158
146
154
23
67
25
16
93
131
124
114
55
173
149
50
6
45
176
15
123
144
161
19
71
167
4
72
1
75
45
145
8
65
159
8
58
176
79
148
120
194
124
120
82
53
137
148
139
143
193
28
183
185
55
186
174
47
67
90
193
156
42
66
139
44
128
133
79
23
7
8
103
94
56
97
159
62
21
109
59
174
106
100
17
42
99
85
7
12
185
131
7
81
8
119
70
65
82
72
74
85
43
132
127
158
71
34
181
36
84
144
45
182
153
27
20
53
45
37
24
197
82
27
74
90
180
142
174
177
137
145
117
145
51
130
200
122
192
69
92
88
185
196
74
154
26
72
12
120
70
103
56
110
101
99
133
125
111
108
116
28
82
138
112
35
190
79
27
145
97
103
110
152
41
31
187
48
176
197
128
106
181
41
124
52
35
9
90
157
98
101
26
127
35
94
138
31
96
177
130
184
162
175
180
49
79
113
80
28
126
55
91
156
81
112
108
63
129
150
189
43
17
200
128
95
192
91
93
124
49
25
130
111
134
5
162
2
30
58
77
150
95
124
118
147
93
52
146
57
135
92
106
148
78
71
57
83
151
121
54
158
66
90
192
129
2
95
48
10
12
178
163
51
161
83
48
159
65
35
46
129
52
26
107
100
173
176
70
126
19
108
117
114
34
95
181
117
199
7
168
71
171
30
76
171
22
9
79
152
117
108
184
112
5
87
23
20
110
17
35
116
146